// File with the manual set matrices on which the comparisons are being made between the TSP LS and HK.
// File title: matrices.js




var matrix_1x1 = [
[0]
];



var matrix_2x2 = [
[0, 1],
[1, 0]
];



var matrix_3x3 = [
[0, 1, 2],
[1, 0, 3],
[2, 3, 0]
];



var matrix_4x4 = [
[0, 1, 2, 3],
[1, 0, 4, 5],
[2, 4, 0, 6],
[3, 5, 6, 0]
];



var matrix_5x5 = [
[0, 1, 2, 3, 4],
[1, 0, 5, 6, 7],
[2, 5, 0, 8, 9],
[3, 6, 8, 0, 10],
[4, 7, 9, 10, 0]
];



var matrix_6x6 = [
[0, 1, 2, 3, 4, 5],
[1, 0, 6, 7, 8, 9],
[2, 6, 0, 10, 11, 12],
[3, 7, 10, 0, 13, 14],
[4, 8, 11, 13, 0, 15],
[5, 9, 12, 14, 15, 0]
];



var matrix_7x7 = [
[0, 1, 2, 3, 4, 5, 6],
[1, 0, 7, 8, 9, 10, 11],
[2, 7, 0, 12, 13, 14, 15],
[3, 8, 12, 0, 16, 17, 18],
[4, 9, 13, 16, 0, 19, 20],
[5, 10, 14, 17, 19, 0, 21],
[6, 11, 15, 18, 20, 21, 0]
];



var matrix_8x8 = [
[0, 1, 2, 3, 4, 5, 6, 7],
[1, 0, 8, 9, 10, 11, 12, 13],
[2, 8, 0, 14, 15, 16, 17, 18],
[3, 9, 14, 0, 19, 20, 21, 22],
[4, 10, 15, 19, 0, 23, 24, 25],
[5, 11, 16, 20, 23, 0, 26, 27],
[6, 12, 17, 21, 24, 26, 0, 28],
[7, 13, 18, 22, 25, 27, 28, 0]
];



var matrix_9x9 = [
[0, 1, 2, 3, 4, 5, 6, 7, 8],
[1, 0, 9, 10, 11, 12, 13, 14, 15],
[2, 9, 0, 16, 17, 18, 19, 20, 21],
[3, 10, 16, 0, 22, 23, 24, 25, 26],
[4, 11, 17, 22, 0, 27, 28, 29, 30],
[5, 12, 18, 23, 27, 0, 31, 32, 33],
[6, 13, 19, 24, 28, 31, 0, 34, 35],
[7, 14, 20, 25, 29, 32, 34, 0, 36],
[8, 15, 21, 26, 30, 33, 35, 36, 0]
];



var matrix_10x10 = [
[0, 1, 2, 3, 4, 5, 6, 7, 8, 9],
[1, 0, 10, 11, 12, 13, 14, 15, 16, 17],
[2, 10, 0, 18, 19, 20, 21, 22, 23, 24],
[3, 11, 18, 0, 25, 26, 27, 28, 29, 30],
[4, 12, 19, 25, 0, 31, 32, 33, 34, 35],
[5, 13, 20, 26, 31, 0, 36, 37, 38, 39],
[6, 14, 21, 27, 32, 36, 0, 40, 41, 42],
[7, 15, 22, 28, 33, 37, 40, 0, 43, 44],
[8, 16, 23, 29, 34, 38, 41, 43, 0, 45],
[9, 17, 24, 30, 35, 39, 42, 44, 45, 0]
];



//


var matrix_11x11 = [
[0, 1, 2, 3, 4, 5, 6, 7, 8, 9, 10],
[1, 0, 11, 12, 13, 14, 15, 16, 17, 18, 19],
[2, 11, 0, 20, 21, 22, 23, 24, 25, 26, 27],
[3, 12, 20, 0, 28, 29, 30, 31, 32, 33, 34],
[4, 13, 21, 28, 0, 35, 36, 37, 38, 39, 40],
[5, 14, 22, 29, 35, 0, 41, 42, 43, 44, 45],
[6, 15, 23, 30, 36, 41, 0, 46, 47, 48, 49],
[7, 16, 24, 31, 37, 42, 46, 0, 50, 51, 52],
[8, 17, 25, 32, 38, 43, 47, 50, 0, 53, 54],
[9, 18, 26, 33, 39, 44, 48, 51, 53, 0, 55],
[10, 19, 27, 34, 40, 45, 49, 52, 54, 55, 0]
];



var matrix_12x12 = [
[0, 1, 2, 3, 4, 5, 6, 7, 8, 9, 10, 11],
[1, 0, 12, 13, 14, 15, 16, 17, 18, 19, 20, 21],
[2, 12, 0, 22, 23, 24, 25, 26, 27, 28, 29, 30],
[3, 13, 22, 0, 31, 32, 33, 34, 35, 36, 37, 38],
[4, 14, 23, 31, 0, 39, 40, 41, 42, 43, 44, 45],
[5, 15, 24, 32, 39, 0, 46, 47, 48, 49, 50, 51],
[6, 16, 25, 33, 40, 46, 0, 52, 53, 54, 55, 56],
[7, 17, 26, 34, 41, 47, 52, 0, 57, 58, 59, 60],
[8, 18, 27, 35, 42, 48, 53, 57, 0, 61, 62, 63],
[9, 19, 28, 36, 43, 49, 54, 58, 61, 0, 64, 65],
[10, 20, 29, 37, 44, 50, 55, 59, 62, 64, 0, 66],
[11, 21, 30, 38, 45, 51, 56, 60, 63, 65, 66, 0]
];



var matrix_13x13 = [
[0, 1, 2, 3, 4, 5, 6, 7, 8, 9, 10, 11, 12],
[1, 0, 13, 14, 15, 16, 17, 18, 19, 20, 21, 22, 23],
[2, 13, 0, 24, 25, 26, 27, 28, 29, 30, 31, 32, 33],
[3, 14, 24, 0, 34, 35, 36, 37, 38, 39, 40, 41, 42],
[4, 15, 25, 34, 0, 43, 44, 45, 46, 47, 48, 49, 50],
[5, 16, 26, 35, 43, 0, 51, 52, 53, 54, 55, 56, 57],
[6, 17, 27, 36, 44, 51, 0, 58, 59, 60, 61, 62, 63],
[7, 18, 28, 37, 45, 52, 58, 0, 64, 65, 66, 67, 68],
[8, 19, 29, 38, 46, 53, 59, 64, 0, 69, 70, 71, 72],
[9, 20, 30, 39, 47, 54, 60, 65, 69, 0, 73, 74, 75],
[10, 21, 31, 40, 48, 55, 61, 66, 70, 73, 0, 76, 77],
[11, 22, 32, 41, 49, 56, 62, 67, 71, 74, 76, 0, 78],
[12, 23, 33, 42, 50, 57, 63, 68, 72, 75, 77, 78, 0]
];



var matrix_14x14 = [
[0, 1, 2, 3, 4, 5, 6, 7, 8, 9, 10, 11, 12, 13],
[1, 0, 14, 15, 16, 17, 18, 19, 20, 21, 22, 23, 24, 25],
[2, 14, 0, 26, 27, 28, 29, 30, 31, 32, 33, 34, 35, 36],
[3, 15, 26, 0, 37, 38, 39, 40, 41, 42, 43, 44, 45, 46],
[4, 16, 27, 37, 0, 47, 48, 49, 50, 51, 52, 53, 54, 55],
[5, 17, 28, 38, 47, 0, 56, 57, 58, 59, 60, 61, 62, 63],
[6, 18, 29, 39, 48, 56, 0, 64, 65, 66, 67, 68, 69, 70],
[7, 19, 30, 40, 49, 57, 64, 0, 71, 72, 73, 74, 75, 76],
[8, 20, 31, 41, 50, 58, 65, 71, 0, 77, 78, 79, 80, 81],
[9, 21, 32, 42, 51, 59, 66, 72, 77, 0, 82, 83, 84, 85],
[10, 22, 33, 43, 52, 60, 67, 73, 78, 82, 0, 86, 87, 88],
[11, 23, 34, 44, 53, 61, 68, 74, 79, 83, 86, 0, 89, 90],
[12, 24, 35, 45, 54, 62, 69, 75, 80, 84, 87, 89, 0, 91],
[13, 25, 36, 46, 55, 63, 70, 76, 81, 85, 88, 90, 91, 0]
];



var matrix_15x15 = [
[0, 1, 2, 3, 4, 5, 6, 7, 8, 9, 10, 11, 12, 13, 14],
[1, 0, 15, 16, 17, 18, 19, 20, 21, 22, 23, 24, 25, 26, 27],
[2, 15, 0, 28, 29, 30, 31, 32, 33, 34, 35, 36, 37, 38, 39],
[3, 16, 28, 0, 40, 41, 42, 43, 44, 45, 46, 47, 48, 49, 50],
[4, 17, 29, 40, 0, 51, 52, 53, 54, 55, 56, 57, 58, 59, 60],
[5, 18, 30, 41, 51, 0, 61, 62, 63, 64, 65, 66, 67, 68, 69],
[6, 19, 31, 42, 52, 61, 0, 70, 71, 72, 73, 74, 75, 76, 77],
[7, 20, 32, 43, 53, 62, 70, 0, 78, 79, 80, 81, 82, 83, 84],
[8, 21, 33, 44, 54, 63, 71, 78, 0, 85, 86, 87, 88, 89, 90],
[9, 22, 34, 45, 55, 64, 72, 79, 85, 0, 91, 92, 93, 94, 95],
[10, 23, 35, 46, 56, 65, 73, 80, 86, 91, 0, 96, 97, 98, 99],
[11, 24, 36, 47, 57, 66, 74, 81, 87, 92, 96, 0, 100, 101, 102],
[12, 25, 37, 48, 58, 67, 75, 82, 88, 93, 97, 100, 0, 103, 104],
[13, 26, 38, 49, 59, 68, 76, 83, 89, 94, 98, 101, 103, 0, 105],
[14, 27, 39, 50, 60, 69, 77, 84, 90, 95, 99, 102, 104, 105, 0]
];


var matrix_16x16 = [
[0, 1, 2, 3, 4, 5, 6, 7, 8, 9, 10, 11, 12, 13, 14, 15],
[1, 0, 16, 17, 18, 19, 20, 21, 22, 23, 24, 25, 26, 27, 28, 29],
[2, 16, 0, 30, 31, 32, 33, 34, 35, 36, 37, 38, 39, 40, 41, 42],
[3, 17, 30, 0, 43, 44, 45, 46, 47, 48, 49, 50, 51, 52, 53, 54],
[4, 18, 31, 43, 0, 55, 56, 57, 58, 59, 60, 61, 62, 63, 64, 65],
[5, 19, 32, 44, 55, 0, 66, 67, 68, 69, 70, 71, 72, 73, 74, 75],
[6, 20, 33, 45, 56, 66, 0, 76, 77, 78, 79, 80, 81, 82, 83, 84],
[7, 21, 34, 46, 57, 67, 76, 0, 85, 86, 87, 88, 89, 90, 91, 92],
[8, 22, 35, 47, 58, 68, 77, 85, 0, 93, 94, 95, 96, 97, 98, 99],
[9, 23, 36, 48, 59, 69, 78, 86, 93, 0, 100, 101, 102, 103, 104, 105],
[10, 24, 37, 49, 60, 70, 79, 87, 94, 100, 0, 106, 107, 108, 109, 110],
[11, 25, 38, 50, 61, 71, 80, 88, 95, 101, 106, 0, 111, 112, 113, 114],
[12, 26, 39, 51, 62, 72, 81, 89, 96, 102, 107, 111, 0, 115, 116, 117],
[13, 27, 40, 52, 63, 73, 82, 90, 97, 103, 108, 112, 115, 0, 118, 119],
[14, 28, 41, 53, 64, 74, 83, 91, 98, 104, 109, 113, 116, 118, 0, 120],
[15, 29, 42, 54, 65, 75, 84, 92, 99, 105, 110, 114, 117, 119, 120, 0]
];

var matrix_17x17 = [
[0, 1, 2, 3, 4, 5, 6, 7, 8, 9, 10, 11, 12, 13, 14, 15, 16],
[1, 0, 17, 18, 19, 20, 21, 22, 23, 24, 25, 26, 27, 28, 29, 30, 31],
[2, 17, 0, 32, 33, 34, 35, 36, 37, 38, 39, 40, 41, 42, 43, 44, 45],
[3, 18, 32, 0, 46, 47, 48, 49, 50, 51, 52, 53, 54, 55, 56, 57, 58],
[4, 19, 33, 46, 0, 59, 60, 61, 62, 63, 64, 65, 66, 67, 68, 69, 70],
[5, 20, 34, 47, 59, 0, 71, 72, 73, 74, 75, 76, 77, 78, 79, 80, 81],
[6, 21, 35, 48, 60, 71, 0, 82, 83, 84, 85, 86, 87, 88, 89, 90, 91],
[7, 22, 36, 49, 61, 72, 82, 0, 92, 93, 94, 95, 96, 97, 98, 99, 100],
[8, 23, 37, 50, 62, 73, 83, 92, 0, 101, 102, 103, 104, 105, 106, 107, 108],
[9, 24, 38, 51, 63, 74, 84, 93, 101, 0, 109, 110, 111, 112, 113, 114, 115],
[10, 25, 39, 52, 64, 75, 85, 94, 102, 109, 0, 116, 117, 118, 119, 120, 121],
[11, 26, 40, 53, 65, 76, 86, 95, 103, 110, 116, 0, 122, 123, 124, 125, 126],
[12, 27, 41, 54, 66, 77, 87, 96, 104, 111, 117, 122, 0, 127, 128, 129, 130],
[13, 28, 42, 55, 67, 78, 88, 97, 105, 112, 118, 123, 127, 0, 131, 132, 133],
[14, 29, 43, 56, 68, 79, 89, 98, 106, 113, 119, 124, 128, 131, 0, 134, 135],
[15, 30, 44, 57, 69, 80, 90, 99, 107, 114, 120, 125, 129, 132, 134, 0, 136],
[16, 31, 45, 58, 70, 81, 91, 100, 108, 115, 121, 126, 130, 133, 135, 136, 0]
];

var matrix_18x18 = [
[0, 1, 2, 3, 4, 5, 6, 7, 8, 9, 10, 11, 12, 13, 14, 15, 16, 17],
[1, 0, 18, 19, 20, 21, 22, 23, 24, 25, 26, 27, 28, 29, 30, 31, 32, 33],
[2, 18, 0, 34, 35, 36, 37, 38, 39, 40, 41, 42, 43, 44, 45, 46, 47, 48],
[3, 19, 34, 0, 49, 50, 51, 52, 53, 54, 55, 56, 57, 58, 59, 60, 61, 62],
[4, 20, 35, 49, 0, 63, 64, 65, 66, 67, 68, 69, 70, 71, 72, 73, 74, 75],
[5, 21, 36, 50, 63, 0, 76, 77, 78, 79, 80, 81, 82, 83, 84, 85, 86, 87],
[6, 22, 37, 51, 64, 76, 0, 88, 89, 90, 91, 92, 93, 94, 95, 96, 97, 98],
[7, 23, 38, 52, 65, 77, 88, 0, 99, 100, 101, 102, 103, 104, 105, 106, 107, 108],
[8, 24, 39, 53, 66, 78, 89, 99, 0, 109, 110, 111, 112, 113, 114, 115, 116, 117],
[9, 25, 40, 54, 67, 79, 90, 100, 109, 0, 118, 119, 120, 121, 122, 123, 124, 125],
[10, 26, 41, 55, 68, 80, 91, 101, 110, 118, 0, 126, 127, 128, 129, 130, 131, 132],
[11, 27, 42, 56, 69, 81, 92, 102, 111, 119, 126, 0, 133, 134, 135, 136, 137, 138],
[12, 28, 43, 57, 70, 82, 93, 103, 112, 120, 127, 133, 0, 139, 140, 141, 142, 143],
[13, 29, 44, 58, 71, 83, 94, 104, 113, 121, 128, 134, 139, 0, 144, 145, 146, 147],
[14, 30, 45, 59, 72, 84, 95, 105, 114, 122, 129, 135, 140, 144, 0, 148, 149, 150],
[15, 31, 46, 60, 73, 85, 96, 106, 115, 123, 130, 136, 141, 145, 148, 0, 151, 152],
[16, 32, 47, 61, 74, 86, 97, 107, 116, 124, 131, 137, 142, 146, 149, 151, 0, 153],
[17, 33, 48, 62, 75, 87, 98, 108, 117, 125, 132, 138, 143, 147, 150, 152, 153, 0]
];

var matrix_19x19 = [
[0, 1, 2, 3, 4, 5, 6, 7, 8, 9, 10, 11, 12, 13, 14, 15, 16, 17, 18],
[1, 0, 19, 20, 21, 22, 23, 24, 25, 26, 27, 28, 29, 30, 31, 32, 33, 34, 35],
[2, 19, 0, 36, 37, 38, 39, 40, 41, 42, 43, 44, 45, 46, 47, 48, 49, 50, 51],
[3, 20, 36, 0, 52, 53, 54, 55, 56, 57, 58, 59, 60, 61, 62, 63, 64, 65, 66],
[4, 21, 37, 52, 0, 67, 68, 69, 70, 71, 72, 73, 74, 75, 76, 77, 78, 79, 80],
[5, 22, 38, 53, 67, 0, 81, 82, 83, 84, 85, 86, 87, 88, 89, 90, 91, 92, 93],
[6, 23, 39, 54, 68, 81, 0, 94, 95, 96, 97, 98, 99, 100, 101, 102, 103, 104, 105],
[7, 24, 40, 55, 69, 82, 94, 0, 106, 107, 108, 109, 110, 111, 112, 113, 114, 115, 116],
[8, 25, 41, 56, 70, 83, 95, 106, 0, 117, 118, 119, 120, 121, 122, 123, 124, 125, 126],
[9, 26, 42, 57, 71, 84, 96, 107, 117, 0, 127, 128, 129, 130, 131, 132, 133, 134, 135],
[10, 27, 43, 58, 72, 85, 97, 108, 118, 127, 0, 136, 137, 138, 139, 140, 141, 142, 143],
[11, 28, 44, 59, 73, 86, 98, 109, 119, 128, 136, 0, 144, 145, 146, 147, 148, 149, 150],
[12, 29, 45, 60, 74, 87, 99, 110, 120, 129, 137, 144, 0, 151, 152, 153, 154, 155, 156],
[13, 30, 46, 61, 75, 88, 100, 111, 121, 130, 138, 145, 151, 0, 157, 158, 159, 160, 161],
[14, 31, 47, 62, 76, 89, 101, 112, 122, 131, 139, 146, 152, 157, 0, 162, 163, 164, 165],
[15, 32, 48, 63, 77, 90, 102, 113, 123, 132, 140, 147, 153, 158, 162, 0, 166, 167, 168],
[16, 33, 49, 64, 78, 91, 103, 114, 124, 133, 141, 148, 154, 159, 163, 166, 0, 169, 170],
[17, 34, 50, 65, 79, 92, 104, 115, 125, 134, 142, 149, 155, 160, 164, 167, 169, 0, 171],
[18, 35, 51, 66, 80, 93, 105, 116, 126, 135, 143, 150, 156, 161, 165, 168, 170, 171, 0]
];

var matrix_20x20 = [
[0, 1, 2, 3, 4, 5, 6, 7, 8, 9, 10, 11, 12, 13, 14, 15, 16, 17, 18, 19],
[1, 0, 20, 21, 22, 23, 24, 25, 26, 27, 28, 29, 30, 31, 32, 33, 34, 35, 36, 37],
[2, 20, 0, 38, 39, 40, 41, 42, 43, 44, 45, 46, 47, 48, 49, 50, 51, 52, 53, 54],
[3, 21, 38, 0, 55, 56, 57, 58, 59, 60, 61, 62, 63, 64, 65, 66, 67, 68, 69, 70],
[4, 22, 39, 55, 0, 71, 72, 73, 74, 75, 76, 77, 78, 79, 80, 81, 82, 83, 84, 85],
[5, 23, 40, 56, 71, 0, 86, 87, 88, 89, 90, 91, 92, 93, 94, 95, 96, 97, 98, 99],
[6, 24, 41, 57, 72, 86, 0, 100, 101, 102, 103, 104, 105, 106, 107, 108, 109, 110, 111, 112],
[7, 25, 42, 58, 73, 87, 100, 0, 113, 114, 115, 116, 117, 118, 119, 120, 121, 122, 123, 124],
[8, 26, 43, 59, 74, 88, 101, 113, 0, 125, 126, 127, 128, 129, 130, 131, 132, 133, 134, 135],
[9, 27, 44, 60, 75, 89, 102, 114, 125, 0, 136, 137, 138, 139, 140, 141, 142, 143, 144, 145],
[10, 28, 45, 61, 76, 90, 103, 115, 126, 136, 0, 146, 147, 148, 149, 150, 151, 152, 153, 154],
[11, 29, 46, 62, 77, 91, 104, 116, 127, 137, 146, 0, 155, 156, 157, 158, 159, 160, 161, 162],
[12, 30, 47, 63, 78, 92, 105, 117, 128, 138, 147, 155, 0, 163, 164, 165, 166, 167, 168, 169],
[13, 31, 48, 64, 79, 93, 106, 118, 129, 139, 148, 156, 163, 0, 170, 171, 172, 173, 174, 175],
[14, 32, 49, 65, 80, 94, 107, 119, 130, 140, 149, 157, 164, 170, 0, 176, 177, 178, 179, 180],
[15, 33, 50, 66, 81, 95, 108, 120, 131, 141, 150, 158, 165, 171, 176, 0, 181, 182, 183, 184],
[16, 34, 51, 67, 82, 96, 109, 121, 132, 142, 151, 159, 166, 172, 177, 181, 0, 185, 186, 187],
[17, 35, 52, 68, 83, 97, 110, 122, 133, 143, 152, 160, 167, 173, 178, 182, 185, 0, 188, 189],
[18, 36, 53, 69, 84, 98, 111, 123, 134, 144, 153, 161, 168, 174, 179, 183, 186, 188, 0, 190],
[19, 37, 54, 70, 85, 99, 112, 124, 135, 145, 154, 162, 169, 175, 180, 184, 187, 189, 190, 0]
];

var matrix_21x21 = [
[0, 1, 2, 3, 4, 5, 6, 7, 8, 9, 10, 11, 12, 13, 14, 15, 16, 17, 18, 19, 20],
[1, 0, 21, 22, 23, 24, 25, 26, 27, 28, 29, 30, 31, 32, 33, 34, 35, 36, 37, 38, 39],
[2, 21, 0, 40, 41, 42, 43, 44, 45, 46, 47, 48, 49, 50, 51, 52, 53, 54, 55, 56, 57],
[3, 22, 40, 0, 58, 59, 60, 61, 62, 63, 64, 65, 66, 67, 68, 69, 70, 71, 72, 73, 74],
[4, 23, 41, 58, 0, 75, 76, 77, 78, 79, 80, 81, 82, 83, 84, 85, 86, 87, 88, 89, 90],
[5, 24, 42, 59, 75, 0, 91, 92, 93, 94, 95, 96, 97, 98, 99, 100, 101, 102, 103, 104, 105],
[6, 25, 43, 60, 76, 91, 0, 106, 107, 108, 109, 110, 111, 112, 113, 114, 115, 116, 117, 118, 119],
[7, 26, 44, 61, 77, 92, 106, 0, 120, 121, 122, 123, 124, 125, 126, 127, 128, 129, 130, 131, 132],
[8, 27, 45, 62, 78, 93, 107, 120, 0, 133, 134, 135, 136, 137, 138, 139, 140, 141, 142, 143, 144],
[9, 28, 46, 63, 79, 94, 108, 121, 133, 0, 145, 146, 147, 148, 149, 150, 151, 152, 153, 154, 155],
[10, 29, 47, 64, 80, 95, 109, 122, 134, 145, 0, 156, 157, 158, 159, 160, 161, 162, 163, 164, 165],
[11, 30, 48, 65, 81, 96, 110, 123, 135, 146, 156, 0, 166, 167, 168, 169, 170, 171, 172, 173, 174],
[12, 31, 49, 66, 82, 97, 111, 124, 136, 147, 157, 166, 0, 175, 176, 177, 178, 179, 180, 181, 182],
[13, 32, 50, 67, 83, 98, 112, 125, 137, 148, 158, 167, 175, 0, 183, 184, 185, 186, 187, 188, 189],
[14, 33, 51, 68, 84, 99, 113, 126, 138, 149, 159, 168, 176, 183, 0, 190, 191, 192, 193, 194, 195],
[15, 34, 52, 69, 85, 100, 114, 127, 139, 150, 160, 169, 177, 184, 190, 0, 196, 197, 198, 199, 200],
[16, 35, 53, 70, 86, 101, 115, 128, 140, 151, 161, 170, 178, 185, 191, 196, 0, 201, 202, 203, 204],
[17, 36, 54, 71, 87, 102, 116, 129, 141, 152, 162, 171, 179, 186, 192, 197, 201, 0, 205, 206, 207],
[18, 37, 55, 72, 88, 103, 117, 130, 142, 153, 163, 172, 180, 187, 193, 198, 202, 205, 0, 208, 209],
[19, 38, 56, 73, 89, 104, 118, 131, 143, 154, 164, 173, 181, 188, 194, 199, 203, 206, 208, 0, 210],
[20, 39, 57, 74, 90, 105, 119, 132, 144, 155, 165, 174, 182, 189, 195, 200, 204, 207, 209, 210, 0]
];

var matrix_22x22 = [
[0, 1, 2, 3, 4, 5, 6, 7, 8, 9, 10, 11, 12, 13, 14, 15, 16, 17, 18, 19, 20, 21],
[1, 0, 22, 23, 24, 25, 26, 27, 28, 29, 30, 31, 32, 33, 34, 35, 36, 37, 38, 39, 40, 41],
[2, 22, 0, 42, 43, 44, 45, 46, 47, 48, 49, 50, 51, 52, 53, 54, 55, 56, 57, 58, 59, 60],
[3, 23, 42, 0, 61, 62, 63, 64, 65, 66, 67, 68, 69, 70, 71, 72, 73, 74, 75, 76, 77, 78],
[4, 24, 43, 61, 0, 79, 80, 81, 82, 83, 84, 85, 86, 87, 88, 89, 90, 91, 92, 93, 94, 95],
[5, 25, 44, 62, 79, 0, 96, 97, 98, 99, 100, 101, 102, 103, 104, 105, 106, 107, 108, 109, 110, 111],
[6, 26, 45, 63, 80, 96, 0, 112, 113, 114, 115, 116, 117, 118, 119, 120, 121, 122, 123, 124, 125, 126],
[7, 27, 46, 64, 81, 97, 112, 0, 127, 128, 129, 130, 131, 132, 133, 134, 135, 136, 137, 138, 139, 140],
[8, 28, 47, 65, 82, 98, 113, 127, 0, 141, 142, 143, 144, 145, 146, 147, 148, 149, 150, 151, 152, 153],
[9, 29, 48, 66, 83, 99, 114, 128, 141, 0, 154, 155, 156, 157, 158, 159, 160, 161, 162, 163, 164, 165],
[10, 30, 49, 67, 84, 100, 115, 129, 142, 154, 0, 166, 167, 168, 169, 170, 171, 172, 173, 174, 175, 176],
[11, 31, 50, 68, 85, 101, 116, 130, 143, 155, 166, 0, 177, 178, 179, 180, 181, 182, 183, 184, 185, 186],
[12, 32, 51, 69, 86, 102, 117, 131, 144, 156, 167, 177, 0, 187, 188, 189, 190, 191, 192, 193, 194, 195],
[13, 33, 52, 70, 87, 103, 118, 132, 145, 157, 168, 178, 187, 0, 196, 197, 198, 199, 200, 201, 202, 203],
[14, 34, 53, 71, 88, 104, 119, 133, 146, 158, 169, 179, 188, 196, 0, 204, 205, 206, 207, 208, 209, 210],
[15, 35, 54, 72, 89, 105, 120, 134, 147, 159, 170, 180, 189, 197, 204, 0, 211, 212, 213, 214, 215, 216],
[16, 36, 55, 73, 90, 106, 121, 135, 148, 160, 171, 181, 190, 198, 205, 211, 0, 217, 218, 219, 220, 221],
[17, 37, 56, 74, 91, 107, 122, 136, 149, 161, 172, 182, 191, 199, 206, 212, 217, 0, 222, 223, 224, 225],
[18, 38, 57, 75, 92, 108, 123, 137, 150, 162, 173, 183, 192, 200, 207, 213, 218, 222, 0, 226, 227, 228],
[19, 39, 58, 76, 93, 109, 124, 138, 151, 163, 174, 184, 193, 201, 208, 214, 219, 223, 226, 0, 229, 230],
[20, 40, 59, 77, 94, 110, 125, 139, 152, 164, 175, 185, 194, 202, 209, 215, 220, 224, 227, 229, 0, 231],
[21, 41, 60, 78, 95, 111, 126, 140, 153, 165, 176, 186, 195, 203, 210, 216, 221, 225, 228, 230, 231, 0]
];

var matrix_23x23 = [
[0, 1, 2, 3, 4, 5, 6, 7, 8, 9, 10, 11, 12, 13, 14, 15, 16, 17, 18, 19, 20, 21, 22],
[1, 0, 23, 24, 25, 26, 27, 28, 29, 30, 31, 32, 33, 34, 35, 36, 37, 38, 39, 40, 41, 42, 43],
[2, 23, 0, 44, 45, 46, 47, 48, 49, 50, 51, 52, 53, 54, 55, 56, 57, 58, 59, 60, 61, 62, 63],
[3, 24, 44, 0, 64, 65, 66, 67, 68, 69, 70, 71, 72, 73, 74, 75, 76, 77, 78, 79, 80, 81, 82],
[4, 25, 45, 64, 0, 83, 84, 85, 86, 87, 88, 89, 90, 91, 92, 93, 94, 95, 96, 97, 98, 99, 100],
[5, 26, 46, 65, 83, 0, 101, 102, 103, 104, 105, 106, 107, 108, 109, 110, 111, 112, 113, 114, 115, 116, 117],
[6, 27, 47, 66, 84, 101, 0, 118, 119, 120, 121, 122, 123, 124, 125, 126, 127, 128, 129, 130, 131, 132, 133],
[7, 28, 48, 67, 85, 102, 118, 0, 134, 135, 136, 137, 138, 139, 140, 141, 142, 143, 144, 145, 146, 147, 148],
[8, 29, 49, 68, 86, 103, 119, 134, 0, 149, 150, 151, 152, 153, 154, 155, 156, 157, 158, 159, 160, 161, 162],
[9, 30, 50, 69, 87, 104, 120, 135, 149, 0, 163, 164, 165, 166, 167, 168, 169, 170, 171, 172, 173, 174, 175],
[10, 31, 51, 70, 88, 105, 121, 136, 150, 163, 0, 176, 177, 178, 179, 180, 181, 182, 183, 184, 185, 186, 187],
[11, 32, 52, 71, 89, 106, 122, 137, 151, 164, 176, 0, 188, 189, 190, 191, 192, 193, 194, 195, 196, 197, 198],
[12, 33, 53, 72, 90, 107, 123, 138, 152, 165, 177, 188, 0, 199, 200, 201, 202, 203, 204, 205, 206, 207, 208],
[13, 34, 54, 73, 91, 108, 124, 139, 153, 166, 178, 189, 199, 0, 209, 210, 211, 212, 213, 214, 215, 216, 217],
[14, 35, 55, 74, 92, 109, 125, 140, 154, 167, 179, 190, 200, 209, 0, 218, 219, 220, 221, 222, 223, 224, 225],
[15, 36, 56, 75, 93, 110, 126, 141, 155, 168, 180, 191, 201, 210, 218, 0, 226, 227, 228, 229, 230, 231, 232],
[16, 37, 57, 76, 94, 111, 127, 142, 156, 169, 181, 192, 202, 211, 219, 226, 0, 233, 234, 235, 236, 237, 238],
[17, 38, 58, 77, 95, 112, 128, 143, 157, 170, 182, 193, 203, 212, 220, 227, 233, 0, 239, 240, 241, 242, 243],
[18, 39, 59, 78, 96, 113, 129, 144, 158, 171, 183, 194, 204, 213, 221, 228, 234, 239, 0, 244, 245, 246, 247],
[19, 40, 60, 79, 97, 114, 130, 145, 159, 172, 184, 195, 205, 214, 222, 229, 235, 240, 244, 0, 248, 249, 250],
[20, 41, 61, 80, 98, 115, 131, 146, 160, 173, 185, 196, 206, 215, 223, 230, 236, 241, 245, 248, 0, 251, 252],
[21, 42, 62, 81, 99, 116, 132, 147, 161, 174, 186, 197, 207, 216, 224, 231, 237, 242, 246, 249, 251, 0, 253],
[22, 43, 63, 82, 100, 117, 133, 148, 162, 175, 187, 198, 208, 217, 225, 232, 238, 243, 247, 250, 252, 253, 0]
];

var matrix_24x24 = [
[0, 1, 2, 3, 4, 5, 6, 7, 8, 9, 10, 11, 12, 13, 14, 15, 16, 17, 18, 19, 20, 21, 22, 23],
[1, 0, 24, 25, 26, 27, 28, 29, 30, 31, 32, 33, 34, 35, 36, 37, 38, 39, 40, 41, 42, 43, 44, 45],
[2, 24, 0, 46, 47, 48, 49, 50, 51, 52, 53, 54, 55, 56, 57, 58, 59, 60, 61, 62, 63, 64, 65, 66],
[3, 25, 46, 0, 67, 68, 69, 70, 71, 72, 73, 74, 75, 76, 77, 78, 79, 80, 81, 82, 83, 84, 85, 86],
[4, 26, 47, 67, 0, 87, 88, 89, 90, 91, 92, 93, 94, 95, 96, 97, 98, 99, 100, 101, 102, 103, 104, 105],
[5, 27, 48, 68, 87, 0, 106, 107, 108, 109, 110, 111, 112, 113, 114, 115, 116, 117, 118, 119, 120, 121, 122, 123],
[6, 28, 49, 69, 88, 106, 0, 124, 125, 126, 127, 128, 129, 130, 131, 132, 133, 134, 135, 136, 137, 138, 139, 140],
[7, 29, 50, 70, 89, 107, 124, 0, 141, 142, 143, 144, 145, 146, 147, 148, 149, 150, 151, 152, 153, 154, 155, 156],
[8, 30, 51, 71, 90, 108, 125, 141, 0, 157, 158, 159, 160, 161, 162, 163, 164, 165, 166, 167, 168, 169, 170, 171],
[9, 31, 52, 72, 91, 109, 126, 142, 157, 0, 172, 173, 174, 175, 176, 177, 178, 179, 180, 181, 182, 183, 184, 185],
[10, 32, 53, 73, 92, 110, 127, 143, 158, 172, 0, 186, 187, 188, 189, 190, 191, 192, 193, 194, 195, 196, 197, 198],
[11, 33, 54, 74, 93, 111, 128, 144, 159, 173, 186, 0, 199, 200, 201, 202, 203, 204, 205, 206, 207, 208, 209, 210],
[12, 34, 55, 75, 94, 112, 129, 145, 160, 174, 187, 199, 0, 211, 212, 213, 214, 215, 216, 217, 218, 219, 220, 221],
[13, 35, 56, 76, 95, 113, 130, 146, 161, 175, 188, 200, 211, 0, 222, 223, 224, 225, 226, 227, 228, 229, 230, 231],
[14, 36, 57, 77, 96, 114, 131, 147, 162, 176, 189, 201, 212, 222, 0, 232, 233, 234, 235, 236, 237, 238, 239, 240],
[15, 37, 58, 78, 97, 115, 132, 148, 163, 177, 190, 202, 213, 223, 232, 0, 241, 242, 243, 244, 245, 246, 247, 248],
[16, 38, 59, 79, 98, 116, 133, 149, 164, 178, 191, 203, 214, 224, 233, 241, 0, 249, 250, 251, 252, 253, 254, 255],
[17, 39, 60, 80, 99, 117, 134, 150, 165, 179, 192, 204, 215, 225, 234, 242, 249, 0, 256, 257, 258, 259, 260, 261],
[18, 40, 61, 81, 100, 118, 135, 151, 166, 180, 193, 205, 216, 226, 235, 243, 250, 256, 0, 262, 263, 264, 265, 266],
[19, 41, 62, 82, 101, 119, 136, 152, 167, 181, 194, 206, 217, 227, 236, 244, 251, 257, 262, 0, 267, 268, 269, 270],
[20, 42, 63, 83, 102, 120, 137, 153, 168, 182, 195, 207, 218, 228, 237, 245, 252, 258, 263, 267, 0, 271, 272, 273],
[21, 43, 64, 84, 103, 121, 138, 154, 169, 183, 196, 208, 219, 229, 238, 246, 253, 259, 264, 268, 271, 0, 274, 275],
[22, 44, 65, 85, 104, 122, 139, 155, 170, 184, 197, 209, 220, 230, 239, 247, 254, 260, 265, 269, 272, 274, 0, 276],
[23, 45, 66, 86, 105, 123, 140, 156, 171, 185, 198, 210, 221, 231, 240, 248, 255, 261, 266, 270, 273, 275, 276, 0]
];

var matrix_25x25 = [
[0,1,2,3,4,5,6,7,8,9,10,11,12,13,14,15,16,17,18,19,20,21,22,23,24],
[1,0,25,26,27,28,29,30,31,32,33,34,35,36,37,38,39,40,41,42,43,44,45,46,47],
[2,25,0,48,49,50,51,52,53,54,55,56,57,58,59,60,61,62,63,64,65,66,67,68,69],
[3,26,48,0,70,71,72,73,74,75,76,77,78,79,80,81,82,83,84,85,86,87,88,89,90],
[4,27,49,70,0,91,92,93,94,95,96,97,98,99,100,101,102,103,104,105,106,107,108,109,110],
[5,28,50,71,91,0,111,112,113,114,115,116,117,118,119,120,121,122,123,124,125,126,127,128,129],
[6,29,51,72,92,111,0,130,131,132,133,134,135,136,137,138,139,140,141,142,143,144,145,146,147],
[7,30,52,73,93,112,130,0,148,149,150,151,152,153,154,155,156,157,158,159,160,161,162,163,164],
[8,31,53,74,94,113,131,148,0,165,166,167,168,169,170,171,172,173,174,175,176,177,178,179,180],
[9,32,54,75,95,114,132,149,165,0,181,182,183,184,185,186,187,188,189,190,191,192,193,194,195],
[10,33,55,76,96,115,133,150,166,181,0,196,197,198,199,200,201,202,203,204,205,206,207,208,209],
[11,34,56,77,97,116,134,151,167,182,196,0,210,211,212,213,214,215,216,217,218,219,220,221,222],
[12,35,57,78,98,117,135,152,168,183,197,210,0,223,224,225,226,227,228,229,230,231,232,233,234],
[13,36,58,79,99,118,136,153,169,184,198,211,223,0,235,236,237,238,239,240,241,242,243,244,245],
[14,37,59,80,100,119,137,154,170,185,199,212,224,235,0,246,247,248,249,250,251,252,253,254,255],
[15,38,60,81,101,120,138,155,171,186,200,213,225,236,246,0,256,257,258,259,260,261,262,263,264],
[16,39,61,82,102,121,139,156,172,187,201,214,226,237,247,256,0,265,266,267,268,269,270,271,272],
[17,40,62,83,103,122,140,157,173,188,202,215,227,238,248,257,265,0,273,274,275,276,277,278,279],
[18,41,63,84,104,123,141,158,174,189,203,216,228,239,249,258,266,273,0,280,281,282,283,284,285],
[19,42,64,85,105,124,142,159,175,190,204,217,229,240,250,259,267,274,280,0,286,287,288,289,290],
[20,43,65,86,106,125,143,160,176,191,205,218,230,241,251,260,268,275,281,286,0,291,292,293,294],
[21,44,66,87,107,126,144,161,177,192,206,219,231,242,252,261,269,276,282,287,291,0,295,296,297],
[22,45,67,88,108,127,145,162,178,193,207,220,232,243,253,262,270,277,283,288,292,295,0,298,299],
[23,46,68,89,109,128,146,163,179,194,208,221,233,244,254,263,271,278,284,289,293,296,298,0,300],
[24,47,69,90,110,129,147,164,180,195,209,222,234,245,255,264,272,279,285,290,294,297,299,300,0]
];

var matrix_26x26 = [
[0,1,2,3,4,5,6,7,8,9,10,11,12,13,14,15,16,17,18,19,20,21,22,23,24,25],
[1,0,26,27,28,29,30,31,32,33,34,35,36,37,38,39,40,41,42,43,44,45,46,47,48,49],
[2,26,0,50,51,52,53,54,55,56,57,58,59,60,61,62,63,64,65,66,67,68,69,70,71,72],
[3,27,50,0,73,74,75,76,77,78,79,80,81,82,83,84,85,86,87,88,89,90,91,92,93,94],
[4,28,51,73,0,95,96,97,98,99,100,101,102,103,104,105,106,107,108,109,110,111,112,113,114,115],
[5,29,52,74,95,0,116,117,118,119,120,121,122,123,124,125,126,127,128,129,130,131,132,133,134,135],
[6,30,53,75,96,116,0,136,137,138,139,140,141,142,143,144,145,146,147,148,149,150,151,152,153,154],
[7,31,54,76,97,117,136,0,155,156,157,158,159,160,161,162,163,164,165,166,167,168,169,170,171,172],
[8,32,55,77,98,118,137,155,0,173,174,175,176,177,178,179,180,181,182,183,184,185,186,187,188,189],
[9,33,56,78,99,119,138,156,173,0,190,191,192,193,194,195,196,197,198,199,200,201,202,203,204,205],
[10,34,57,79,100,120,139,157,174,190,0,206,207,208,209,210,211,212,213,214,215,216,217,218,219,220],
[11,35,58,80,101,121,140,158,175,191,206,0,221,222,223,224,225,226,227,228,229,230,231,232,233,234],
[12,36,59,81,102,122,141,159,176,192,207,221,0,235,236,237,238,239,240,241,242,243,244,245,246,247],
[13,37,60,82,103,123,142,160,177,193,208,222,235,0,248,249,250,251,252,253,254,255,256,257,258,259],
[14,38,61,83,104,124,143,161,178,194,209,223,236,248,0,260,261,262,263,264,265,266,267,268,269,270],
[15,39,62,84,105,125,144,162,179,195,210,224,237,249,260,0,271,272,273,274,275,276,277,278,279,280],
[16,40,63,85,106,126,145,163,180,196,211,225,238,250,261,271,0,281,282,283,284,285,286,287,288,289],
[17,41,64,86,107,127,146,164,181,197,212,226,239,251,262,272,281,0,290,291,292,293,294,295,296,297],
[18,42,65,87,108,128,147,165,182,198,213,227,240,252,263,273,282,290,0,298,299,300,301,302,303,304],
[19,43,66,88,109,129,148,166,183,199,214,228,241,253,264,274,283,291,298,0,305,306,307,308,309,310],
[20,44,67,89,110,130,149,167,184,200,215,229,242,254,265,275,284,292,299,305,0,311,312,313,314,315],
[21,45,68,90,111,131,150,168,185,201,216,230,243,255,266,276,285,293,300,306,311,0,316,317,318,319],
[22,46,69,91,112,132,151,169,186,202,217,231,244,256,267,277,286,294,301,307,312,316,0,320,321,322],
[23,47,70,92,113,133,152,170,187,203,218,232,245,257,268,278,287,295,302,308,313,317,320,0,323,324],
[24,48,71,93,114,134,153,171,188,204,219,233,246,258,269,279,288,296,303,309,314,318,321,323,0,325],
[25,49,72,94,115,135,154,172,189,205,220,234,247,259,270,280,289,297,304,310,315,319,322,324,325,0]
];

var matrix_27x27 = [
[0,1,2,3,4,5,6,7,8,9,10,11,12,13,14,15,16,17,18,19,20,21,22,23,24,25,26],
[1,0,27,28,29,30,31,32,33,34,35,36,37,38,39,40,41,42,43,44,45,46,47,48,49,50,51],
[2,27,0,52,53,54,55,56,57,58,59,60,61,62,63,64,65,66,67,68,69,70,71,72,73,74,75],
[3,28,52,0,76,77,78,79,80,81,82,83,84,85,86,87,88,89,90,91,92,93,94,95,96,97,98],
[4,29,53,76,0,99,100,101,102,103,104,105,106,107,108,109,110,111,112,113,114,115,116,117,118,119,120],
[5,30,54,77,99,0,121,122,123,124,125,126,127,128,129,130,131,132,133,134,135,136,137,138,139,140,141],
[6,31,55,78,100,121,0,142,143,144,145,146,147,148,149,150,151,152,153,154,155,156,157,158,159,160,161],
[7,32,56,79,101,122,142,0,162,163,164,165,166,167,168,169,170,171,172,173,174,175,176,177,178,179,180],
[8,33,57,80,102,123,143,162,0,181,182,183,184,185,186,187,188,189,190,191,192,193,194,195,196,197,198],
[9,34,58,81,103,124,144,163,181,0,199,200,201,202,203,204,205,206,207,208,209,210,211,212,213,214,215],
[10,35,59,82,104,125,145,164,182,199,0,216,217,218,219,220,221,222,223,224,225,226,227,228,229,230,231],
[11,36,60,83,105,126,146,165,183,200,216,0,232,233,234,235,236,237,238,239,240,241,242,243,244,245,246],
[12,37,61,84,106,127,147,166,184,201,217,232,0,247,248,249,250,251,252,253,254,255,256,257,258,259,260],
[13,38,62,85,107,128,148,167,185,202,218,233,247,0,261,262,263,264,265,266,267,268,269,270,271,272,273],
[14,39,63,86,108,129,149,168,186,203,219,234,248,261,0,274,275,276,277,278,279,280,281,282,283,284,285],
[15,40,64,87,109,130,150,169,187,204,220,235,249,262,274,0,286,287,288,289,290,291,292,293,294,295,296],
[16,41,65,88,110,131,151,170,188,205,221,236,250,263,275,286,0,297,298,299,300,301,302,303,304,305,306],
[17,42,66,89,111,132,152,171,189,206,222,237,251,264,276,287,297,0,307,308,309,310,311,312,313,314,315],
[18,43,67,90,112,133,153,172,190,207,223,238,252,265,277,288,298,307,0,316,317,318,319,320,321,322,323],
[19,44,68,91,113,134,154,173,191,208,224,239,253,266,278,289,299,308,316,0,324,325,326,327,328,329,330],
[20,45,69,92,114,135,155,174,192,209,225,240,254,267,279,290,300,309,317,324,0,331,332,333,334,335,336],
[21,46,70,93,115,136,156,175,193,210,226,241,255,268,280,291,301,310,318,325,331,0,337,338,339,340,341],
[22,47,71,94,116,137,157,176,194,211,227,242,256,269,281,292,302,311,319,326,332,337,0,342,343,344,345],
[23,48,72,95,117,138,158,177,195,212,228,243,257,270,282,293,303,312,320,327,333,338,342,0,346,347,348],
[24,49,73,96,118,139,159,178,196,213,229,244,258,271,283,294,304,313,321,328,334,339,343,346,0,349,350],
[25,50,74,97,119,140,160,179,197,214,230,245,259,272,284,295,305,314,322,329,335,340,344,347,349,0,351],
[26,51,75,98,120,141,161,180,198,215,231,246,260,273,285,296,306,315,323,330,336,341,345,348,350,351,0]
];

var matrix_28x28 = [
[0,1,2,3,4,5,6,7,8,9,10,11,12,13,14,15,16,17,18,19,20,21,22,23,24,25,26,27],
[1,0,28,29,30,31,32,33,34,35,36,37,38,39,40,41,42,43,44,45,46,47,48,49,50,51,52,53],
[2,28,0,54,55,56,57,58,59,60,61,62,63,64,65,66,67,68,69,70,71,72,73,74,75,76,77,78],
[3,29,54,0,79,80,81,82,83,84,85,86,87,88,89,90,91,92,93,94,95,96,97,98,99,100,101,102],
[4,30,55,79,0,103,104,105,106,107,108,109,110,111,112,113,114,115,116,117,118,119,120,121,122,123,124,125],
[5,31,56,80,103,0,126,127,128,129,130,131,132,133,134,135,136,137,138,139,140,141,142,143,144,145,146,147],
[6,32,57,81,104,126,0,148,149,150,151,152,153,154,155,156,157,158,159,160,161,162,163,164,165,166,167,168],
[7,33,58,82,105,127,148,0,169,170,171,172,173,174,175,176,177,178,179,180,181,182,183,184,185,186,187,188],
[8,34,59,83,106,128,149,169,0,189,190,191,192,193,194,195,196,197,198,199,200,201,202,203,204,205,206,207],
[9,35,60,84,107,129,150,170,189,0,208,209,210,211,212,213,214,215,216,217,218,219,220,221,222,223,224,225],
[10,36,61,85,108,130,151,171,190,208,0,226,227,228,229,230,231,232,233,234,235,236,237,238,239,240,241,242],
[11,37,62,86,109,131,152,172,191,209,226,0,243,244,245,246,247,248,249,250,251,252,253,254,255,256,257,258],
[12,38,63,87,110,132,153,173,192,210,227,243,0,259,260,261,262,263,264,265,266,267,268,269,270,271,272,273],
[13,39,64,88,111,133,154,174,193,211,228,244,259,0,274,275,276,277,278,279,280,281,282,283,284,285,286,287],
[14,40,65,89,112,134,155,175,194,212,229,245,260,274,0,288,289,290,291,292,293,294,295,296,297,298,299,300],
[15,41,66,90,113,135,156,176,195,213,230,246,261,275,288,0,301,302,303,304,305,306,307,308,309,310,311,312],
[16,42,67,91,114,136,157,177,196,214,231,247,262,276,289,301,0,313,314,315,316,317,318,319,320,321,322,323],
[17,43,68,92,115,137,158,178,197,215,232,248,263,277,290,302,313,0,324,325,326,327,328,329,330,331,332,333],
[18,44,69,93,116,138,159,179,198,216,233,249,264,278,291,303,314,324,0,334,335,336,337,338,339,340,341,342],
[19,45,70,94,117,139,160,180,199,217,234,250,265,279,292,304,315,325,334,0,343,344,345,346,347,348,349,350],
[20,46,71,95,118,140,161,181,200,218,235,251,266,280,293,305,316,326,335,343,0,351,352,353,354,355,356,357],
[21,47,72,96,119,141,162,182,201,219,236,252,267,281,294,306,317,327,336,344,351,0,358,359,360,361,362,363],
[22,48,73,97,120,142,163,183,202,220,237,253,268,282,295,307,318,328,337,345,352,358,0,364,365,366,367,368],
[23,49,74,98,121,143,164,184,203,221,238,254,269,283,296,308,319,329,338,346,353,359,364,0,369,370,371,372],
[24,50,75,99,122,144,165,185,204,222,239,255,270,284,297,309,320,330,339,347,354,360,365,369,0,373,374,375],
[25,51,76,100,123,145,166,186,205,223,240,256,271,285,298,310,321,331,340,348,355,361,366,370,373,0,376,377],
[26,52,77,101,124,146,167,187,206,224,241,257,272,286,299,311,322,332,341,349,356,362,367,371,374,376,0,378],
[27,53,78,102,125,147,168,188,207,225,242,258,273,287,300,312,323,333,342,350,357,363,368,372,375,377,378,0]
];


module.exports = {
matrix_1x1,
matrix_2x2,
matrix_3x3,
matrix_4x4,
matrix_5x5,
matrix_6x6,
matrix_7x7,
matrix_8x8,
matrix_9x9,
matrix_10x10,
matrix_11x11,
matrix_12x12,
matrix_13x13,
matrix_14x14,
matrix_15x15,
matrix_16x16,
matrix_17x17,
matrix_18x18,
matrix_19x19,
matrix_20x20,
matrix_21x21,
matrix_22x22,
matrix_23x23,
matrix_24x24,
matrix_25x25,
matrix_26x26,
matrix_27x27,
matrix_28x28
};




////////
