// File with the manual set matrices on which the comparisons are being made between the TSP LS and HK.
// File title: matrices.js

var matrix_1x1 = [
    [0]
];



var matrix_2x2 = [
    [0, 1],
    [1, 0]
];



var matrix_3x3 = [
    [0, 1, 2],
    [1, 0, 3],
    [2, 3, 0]
];



var matrix_4x4 = [
    [0, 1, 2, 3],
    [1, 0, 4, 5],
    [2, 4, 0, 6],
    [3, 5, 6, 0]
];



var matrix_5x5 = [
    [0, 1, 2, 3, 4],
    [1, 0, 5, 6, 7],
    [2, 5, 0, 8, 9],
    [3, 6, 8, 0, 10],
    [4, 7, 9, 10, 0]
];



var matrix_6x6 = [
    [0, 1, 2, 3, 4, 5],
    [1, 0, 6, 7, 8, 9],
    [2, 6, 0, 10, 11, 12],
    [3, 7, 10, 0, 13, 14],
    [4, 8, 11, 13, 0, 15],
    [5, 9, 12, 14, 15, 0]
];



var matrix_7x7 = [
    [0, 1, 2, 3, 4, 5, 6],
    [1, 0, 7, 8, 9, 10, 11],
    [2, 7, 0, 12, 13, 14, 15],
    [3, 8, 12, 0, 16, 17, 18],
    [4, 9, 13, 16, 0, 19, 20],
    [5, 10, 14, 17, 19, 0, 21],
    [6, 11, 15, 18, 20, 21, 0]
];



var matrix_8x8 = [
    [0, 1, 2, 3, 4, 5, 6, 7],
    [1, 0, 8, 9, 10, 11, 12, 13],
    [2, 8, 0, 14, 15, 16, 17, 18],
    [3, 9, 14, 0, 19, 20, 21, 22],
    [4, 10, 15, 19, 0, 23, 24, 25],
    [5, 11, 16, 20, 23, 0, 26, 27],
    [6, 12, 17, 21, 24, 26, 0, 28],
    [7, 13, 18, 22, 25, 27, 28, 0]
];



var matrix_9x9 = [
    [0, 1, 2, 3, 4, 5, 6, 7, 8],
    [1, 0, 9, 10, 11, 12, 13, 14, 15],
    [2, 9, 0, 16, 17, 18, 19, 20, 21],
    [3, 10, 16, 0, 22, 23, 24, 25, 26],
    [4, 11, 17, 22, 0, 27, 28, 29, 30],
    [5, 12, 18, 23, 27, 0, 31, 32, 33],
    [6, 13, 19, 24, 28, 31, 0, 34, 35],
    [7, 14, 20, 25, 29, 32, 34, 0, 36],
    [8, 15, 21, 26, 30, 33, 35, 36, 0]
];



var matrix_10x10 = [
    [0, 1, 2, 3, 4, 5, 6, 7, 8, 9],
    [1, 0, 10, 11, 12, 13, 14, 15, 16, 17],
    [2, 10, 0, 18, 19, 20, 21, 22, 23, 24],
    [3, 11, 18, 0, 25, 26, 27, 28, 29, 30],
    [4, 12, 19, 25, 0, 31, 32, 33, 34, 35],
    [5, 13, 20, 26, 31, 0, 36, 37, 38, 39],
    [6, 14, 21, 27, 32, 36, 0, 40, 41, 42],
    [7, 15, 22, 28, 33, 37, 40, 0, 43, 44],
    [8, 16, 23, 29, 34, 38, 41, 43, 0, 45],
    [9, 17, 24, 30, 35, 39, 42, 44, 45, 0]
];



var matrix_11x11 = [
    [0, 1, 2, 3, 4, 5, 6, 7, 8, 9, 10],
    [1, 0, 11, 12, 13, 14, 15, 16, 17, 18, 19],
    [2, 11, 0, 20, 21, 22, 23, 24, 25, 26, 27],
    [3, 12, 20, 0, 28, 29, 30, 31, 32, 33, 34],
    [4, 13, 21, 28, 0, 35, 36, 37, 38, 39, 40],
    [5, 14, 22, 29, 35, 0, 41, 42, 43, 44, 45],
    [6, 15, 23, 30, 36, 41, 0, 46, 47, 48, 49],
    [7, 16, 24, 31, 37, 42, 46, 0, 50, 51, 52],
    [8, 17, 25, 32, 38, 43, 47, 50, 0, 53, 54],
    [9, 18, 26, 33, 39, 44, 48, 51, 53, 0, 55],
    [10, 19, 27, 34, 40, 45, 49, 52, 54, 55, 0]
];



var matrix_12x12 = [
    [0, 1, 2, 3, 4, 5, 6, 7, 8, 9, 10, 11],
    [1, 0, 12, 13, 14, 15, 16, 17, 18, 19, 20, 21],
    [2, 12, 0, 22, 23, 24, 25, 26, 27, 28, 29, 30],
    [3, 13, 22, 0, 31, 32, 33, 34, 35, 36, 37, 38],
    [4, 14, 23, 31, 0, 39, 40, 41, 42, 43, 44, 45],
    [5, 15, 24, 32, 39, 0, 46, 47, 48, 49, 50, 51],
    [6, 16, 25, 33, 40, 46, 0, 52, 53, 54, 55, 56],
    [7, 17, 26, 34, 41, 47, 52, 0, 57, 58, 59, 60],
    [8, 18, 27, 35, 42, 48, 53, 57, 0, 61, 62, 63],
    [9, 19, 28, 36, 43, 49, 54, 58, 61, 0, 64, 65],
    [10, 20, 29, 37, 44, 50, 55, 59, 62, 64, 0, 66],
    [11, 21, 30, 38, 45, 51, 56, 60, 63, 65, 66, 0]
];



var matrix_13x13 = [
    [0, 1, 2, 3, 4, 5, 6, 7, 8, 9, 10, 11, 12],
    [1, 0, 13, 14, 15, 16, 17, 18, 19, 20, 21, 22, 23],
    [2, 13, 0, 24, 25, 26, 27, 28, 29, 30, 31, 32, 33],
    [3, 14, 24, 0, 34, 35, 36, 37, 38, 39, 40, 41, 42],
    [4, 15, 25, 34, 0, 43, 44, 45, 46, 47, 48, 49, 50],
    [5, 16, 26, 35, 43, 0, 51, 52, 53, 54, 55, 56, 57],
    [6, 17, 27, 36, 44, 51, 0, 58, 59, 60, 61, 62, 63],
    [7, 18, 28, 37, 45, 52, 58, 0, 64, 65, 66, 67, 68],
    [8, 19, 29, 38, 46, 53, 59, 64, 0, 69, 70, 71, 72],
    [9, 20, 30, 39, 47, 54, 60, 65, 69, 0, 73, 74, 75],
    [10, 21, 31, 40, 48, 55, 61, 66, 70, 73, 0, 76, 77],
    [11, 22, 32, 41, 49, 56, 62, 67, 71, 74, 76, 0, 78],
    [12, 23, 33, 42, 50, 57, 63, 68, 72, 75, 77, 78, 0]
];



var matrix_14x14 = [
    [0, 1, 2, 3, 4, 5, 6, 7, 8, 9, 10, 11, 12, 13],
    [1, 0, 14, 15, 16, 17, 18, 19, 20, 21, 22, 23, 24, 25],
    [2, 14, 0, 26, 27, 28, 29, 30, 31, 32, 33, 34, 35, 36],
    [3, 15, 26, 0, 37, 38, 39, 40, 41, 42, 43, 44, 45, 46],
    [4, 16, 27, 37, 0, 47, 48, 49, 50, 51, 52, 53, 54, 55],
    [5, 17, 28, 38, 47, 0, 56, 57, 58, 59, 60, 61, 62, 63],
    [6, 18, 29, 39, 48, 56, 0, 64, 65, 66, 67, 68, 69, 70],
    [7, 19, 30, 40, 49, 57, 64, 0, 71, 72, 73, 74, 75, 76],
    [8, 20, 31, 41, 50, 58, 65, 71, 0, 77, 78, 79, 80, 81],
    [9, 21, 32, 42, 51, 59, 66, 72, 77, 0, 82, 83, 84, 85],
    [10, 22, 33, 43, 52, 60, 67, 73, 78, 82, 0, 86, 87, 88],
    [11, 23, 34, 44, 53, 61, 68, 74, 79, 83, 86, 0, 89, 90],
    [12, 24, 35, 45, 54, 62, 69, 75, 80, 84, 87, 89, 0, 91],
    [13, 25, 36, 46, 55, 63, 70, 76, 81, 85, 88, 90, 91, 0]
];



var matrix_15x15 = [
    [0, 1, 2, 3, 4, 5, 6, 7, 8, 9, 10, 11, 12, 13, 14, 15],
    [1, 0, 16, 17, 18, 19, 20, 21, 22, 23, 24, 25, 26, 27, 28, 29],
    [2, 16, 0, 30, 31, 32, 33, 34, 35, 36, 37, 38, 39, 40, 41, 42],
    [3, 17, 30, 0, 43, 44, 45, 46, 47, 48, 49, 50, 51, 52, 53, 54],
    [4, 18, 31, 43, 0, 55, 56, 57, 58, 59, 60, 61, 62, 63, 64],
    [5, 19, 32, 44, 55, 0, 65, 66, 67, 68, 69, 70, 71, 72, 73],
    [6, 20, 33, 45, 56, 65, 0, 74, 75, 76, 77, 78, 79, 80, 81],
    [7, 21, 34, 46, 57, 66, 74, 0, 82, 83, 84, 85, 86, 87, 88],
    [8, 22, 35, 47, 58, 67, 75, 82, 0, 89, 90, 91, 92, 93, 94],
    [9, 23, 36, 48, 59, 68, 76, 83, 89, 0, 95, 96, 97, 98, 99],
    [10, 24, 37, 49, 60, 69, 77, 84, 90, 95, 0, 100, 101, 102, 103],
    [11, 25, 38, 50, 61, 70, 78, 85, 91, 96, 100, 0, 104, 105, 106],
    [12, 26, 39, 51, 62, 71, 79, 86, 92, 97, 101, 104, 0, 107, 108],
    [13, 27, 40, 52, 63, 72, 80, 87, 93, 98, 102, 105, 107, 0, 109],
    [14, 28, 41, 53, 64, 73, 81, 88, 94, 99, 103, 106, 108, 109, 0],
    [15, 29, 42, 54, 65, 74, 82, 89, 95, 100, 104, 107, 109, 0]
];



var matrix_16x16 = [
    [0, 1, 2, 3, 4, 5, 6, 7, 8, 9, 10, 11, 12, 13, 14, 15, 16],
    [1, 0, 17, 18, 19, 20, 21, 22, 23, 24, 25, 26, 27, 28, 29, 30],
    [2, 17, 0, 31, 32, 33, 34, 35, 36, 37, 38, 39, 40, 41, 42, 43],
    [3, 18, 31, 0, 44, 45, 46, 47, 48, 49, 50, 51, 52, 53, 54, 55],
    [4, 19, 32, 44, 0, 56, 57, 58, 59, 60, 61, 62, 63, 64, 65],
    [5, 20, 33, 45, 56, 0, 66, 67, 68, 69, 70, 71, 72, 73, 74],
    [6, 21, 34, 46, 57, 66, 0, 75, 76, 77, 78, 79, 80, 81, 82],
    [7, 22, 35, 47, 58, 67, 75, 0, 83, 84, 85, 86, 87, 88, 89],
    [8, 23, 36, 48, 59, 68, 76, 83, 0, 90, 91, 92, 93, 94, 95],
    [9, 24, 37, 49, 60, 69, 77, 84, 90, 0, 96, 97, 98, 99, 100],
    [10, 25, 38, 50, 61, 70, 78, 85, 91, 96, 0, 101, 102, 103, 104],
    [11, 26, 39, 51, 62, 71, 79, 86, 92, 97, 101, 0, 105, 106, 107],
    [12, 27, 40, 52, 63, 72, 80, 87, 93, 98, 102, 105, 0, 108, 109],
    [13, 28, 41, 53, 64, 73, 81, 88, 94, 99, 103, 106, 108, 0, 110],
    [14, 29, 42, 54, 65, 74, 82, 89, 95, 100, 104, 107, 109, 110, 0],
    [15, 30, 43, 55, 66, 75, 83, 90, 96, 101, 105, 108, 110, 0]
];



//
         
